 10 35 35 33.20 38.67 40.10 38200 0.00 0.00 0.00     0 32.92 37.80 39.18 11364     0 0.391
 10 35 35 33.20 38.67 40.10 38200 0.00 0.00 0.00     0 32.92 37.80 39.18 11364     0 0.442
 10 35 35 33.20 38.67 40.10 38200 0.00 0.00 0.00     0 32.92 37.80 39.18 11364     0 0.425
 10 35 35 33.20 38.67 40.10 38200 0.00 0.00 0.00     0 32.92 37.80 39.18 11364     0 0.466
 10 35 35 33.20 38.67 40.10 38200 0.00 0.00 0.00     0 32.92 37.80 39.18 11364     0 0.412
 10 35 35 33.20 38.67 40.10 38200 0.00 0.00 0.00     0 32.92 37.80 39.18 11364     0 0.492
 10 35 35 33.20 38.67 40.10 38200 0.00 0.00 0.00     0 32.92 37.80 39.18 11364     0 0.546
 10 35 35 33.20 38.67 40.10 38200 0.00 0.00 0.00     0 32.92 37.80 39.18 11364     0 0.457
 10 35 35 33.20 38.67 40.10 38200 0.00 0.00 0.00     0 32.92 37.80 39.18 11364     0 0.504
 10 35 35 33.20 38.67 40.10 38200 0.00 0.00 0.00     0 32.92 37.80 39.18 11364     0 0.428
 10 35 35 33.20 38.67 40.10 38200 0.00 0.00 0.00     0 32.92 37.80 39.18 11364     0 0.388
 10 35 35 33.20 38.67 40.10 38200 0.00 0.00 0.00     0 32.92 37.80 39.18 11364     0 0.386
 10 35 35 33.20 38.67 40.10 38200 0.00 0.00 0.00     0 32.92 37.80 39.18 11364     0 0.446
 10 35 35 33.20 38.67 40.10 38200 0.00 0.00 0.00     0 32.92 37.80 39.18 11364     0 0.386
 10 35 35 33.20 38.67 40.10 38200 0.00 0.00 0.00     0 32.92 37.80 39.18 11364     0 0.407
 10 35 35 33.20 38.67 40.10 38200 0.00 0.00 0.00     0 32.92 37.80 39.18 11364     0 0.424
 10 35 35 33.20 38.67 40.10 38200 0.00 0.00 0.00     0 32.92 37.80 39.18 11364     0 0.406
 10 35 35 33.20 38.67 40.10 38200 0.00 0.00 0.00     0 32.92 37.80 39.18 11364     0 0.387
 10 35 35 33.20 38.67 40.10 38200 0.00 0.00 0.00     0 32.92 37.80 39.18 11364     0 0.409
 10 25 25 41.77 44.12 45.48 89704 0.00 0.00 0.00     0 41.14 42.79 43.92 34416     0 0.336
 10 25 25 41.77 44.12 45.48 89704 0.00 0.00 0.00     0 41.14 42.79 43.92 34416     0 0.368
 10 25 25 41.77 44.12 45.48 89704 0.00 0.00 0.00     0 41.14 42.79 43.92 34416     0 0.390
 10 25 25 41.77 44.12 45.48 89704 0.00 0.00 0.00     0 41.14 42.79 43.92 34416     0 0.329
 10 25 25 41.77 44.12 45.48 89704 0.00 0.00 0.00     0 41.14 42.79 43.92 34416     0 0.344
 10 25 25 41.77 44.12 45.48 89704 0.00 0.00 0.00     0 41.14 42.79 43.92 34416     0 0.311
 10 25 25 41.77 44.12 45.48 89704 0.00 0.00 0.00     0 41.14 42.79 43.92 34416     0 0.347
 10 25 25 41.77 44.12 45.48 89704 0.00 0.00 0.00     0 41.14 42.79 43.92 34416     0 0.323
 10 25 25 41.77 44.12 45.48 89704 0.00 0.00 0.00     0 41.14 42.79 43.92 34416     0 0.355
 10 25 25 41.77 44.12 45.48 89704 0.00 0.00 0.00     0 41.14 42.79 43.92 34416     0 0.309
 10 25 25 41.77 44.12 45.48 89704 0.00 0.00 0.00     0 41.14 42.79 43.92 34416     0 0.311
 10 25 25 41.77 44.12 45.48 89704 0.00 0.00 0.00     0 41.14 42.79 43.92 34416     0 0.320
 10 25 25 41.77 44.12 45.48 89704 0.00 0.00 0.00     0 41.14 42.79 43.92 34416     0 0.333
 10 25 25 41.77 44.12 45.48 89704 0.00 0.00 0.00     0 41.14 42.79 43.92 34416     0 0.310
 10 25 25 41.77 44.12 45.48 89704 0.00 0.00 0.00     0 41.14 42.79 43.92 34416     0 0.334
 10 25 25 41.77 44.12 45.48 89704 0.00 0.00 0.00     0 41.14 42.79 43.92 34416     0 0.343
 10 25 25 41.77 44.12 45.48 89704 0.00 0.00 0.00     0 41.14 42.79 43.92 34416     0 0.322
 10 25 25 41.77 44.12 45.48 89704 0.00 0.00 0.00     0 41.14 42.79 43.92 34416     0 0.328
 10 25 25 41.77 44.12 45.48 89704 0.00 0.00 0.00     0 41.14 42.79 43.92 34416     0 0.318
 10 25 25 41.77 44.12 45.48 89704 0.00 0.00 0.00     0 41.14 42.79 43.92 34416     0 0.309
 10 25 25 41.77 44.12 45.48 89704 0.00 0.00 0.00     0 41.14 42.79 43.92 34416     0 0.334
 10 25 25 41.77 44.12 45.48 89704 0.00 0.00 0.00     0 41.14 42.79 43.92 34416     0 0.318
 10 25 25 41.77 44.12 45.48 89704 0.00 0.00 0.00     0 41.14 42.79 43.92 34416     0 0.306
 10 25 25 41.77 44.12 45.48 89704 0.00 0.00 0.00     0 41.14 42.79 43.92 34416     0 0.313
 10 25 25 41.77 44.12 45.48 89704 0.00 0.00 0.00     0 41.14 42.79 43.92 34416     0 0.345
 10 25 25 41.77 44.12 45.48 89704 0.00 0.00 0.00     0 41.14 42.79 43.92 34416     0 0.317
 10 25 25 41.77 44.12 45.48 89704 0.00 0.00 0.00     0 41.14 42.79 43.92 34416     0 0.337
 10 25 25 41.77 44.12 45.48 89704 0.00 0.00 0.00     0 41.14 42.79 43.92 34416     0 0.314
 10 25 25 41.77 44.12 45.48 89704 0.00 0.00 0.00     0 41.14 42.79 43.92 34416     0 0.333
 10 25 25 41.77 44.12 45.48 89704 0.00 0.00 0.00     0 41.14 42.79 43.92 34416     0 0.320
 10 25 25 41.77 44.12 45.48 89704 0.00 0.00 0.00     0 41.14 42.79 43.92 34416     0 0.407
 10 25 25 41.77 44.12 45.48 89704 0.00 0.00 0.00     0 41.14 42.79 43.92 34416     0 0.322
 10 25 25 41.77 44.12 45.48 89704 0.00 0.00 0.00     0 41.14 42.79 43.92 34416     0 0.321
 10 25 25 41.77 44.12 45.48 89704 0.00 0.00 0.00     0 41.14 42.79 43.92 34416     0 0.336
 10 25 25 41.77 44.12 45.48 89704 0.00 0.00 0.00     0 41.14 42.79 43.92 34416     0 0.315
 10 25 25 41.77 44.12 45.48 89704 0.00 0.00 0.00     0 41.14 42.79 43.92 34416     0 0.354
 10 25 25 41.77 44.12 45.48 89704 0.00 0.00 0.00     0 41.14 42.79 43.92 34416     0 0.252
 10 25 25 41.77 44.12 45.48 89704 0.00 0.00 0.00     0 41.14 42.79 43.92 34416     0 0.278
 10 25 25 41.77 44.12 45.48 89704 0.00 0.00 0.00     0 41.14 42.79 43.92 34416     0 0.251
 10 25 25 41.77 44.12 45.48 89704 0.00 0.00 0.00     0 41.14 42.79 43.92 34416     0 0.263
 10 25 25 41.77 44.12 45.48 89704 0.00 0.00 0.00     0 41.14 42.79 43.92 34416     0 0.257
 10 25 25 41.77 44.12 45.48 89704 0.00 0.00 0.00     0 41.14 42.79 43.92 34416     0 0.259
 10 25 25 41.77 44.12 45.48 89704 0.00 0.00 0.00     0 41.14 42.79 43.92 34416     0 0.263
 10 25 25 41.77 44.12 45.48 89704 0.00 0.00 0.00     0 41.14 42.79 43.92 34416     0 0.259
 10 25 25 41.77 44.12 45.48 89704 0.00 0.00 0.00     0 41.14 42.79 43.92 34416     0 0.253
 10 25 25 41.77 44.12 45.48 89704 0.00 0.00 0.00     0 41.14 42.79 43.92 34416     0 0.274
 10 25 25 41.77 44.12 45.48 89704 0.00 0.00 0.00     0 41.14 42.79 43.92 34416     0 0.291
 10 25 25 41.77 44.12 45.48 89704 0.00 0.00 0.00     0 41.14 42.79 43.92 34416     0 0.362
 10 25 25 41.77 44.12 45.48 89704 0.00 0.00 0.00     0 41.14 42.79 43.92 34416     0 0.324
 10 25 25 41.77 44.12 45.48 89704 0.00 0.00 0.00     0 41.14 42.79 43.92 34416     0 0.317
 10 25 25 41.77 44.12 45.48 89704 0.00 0.00 0.00     0 41.14 42.79 43.92 34416     0 0.350
 10 25 25 41.77 44.12 45.48 89704 0.00 0.00 0.00     0 41.14 42.79 43.92 34416     0 0.322
 10 25 25 41.77 44.12 45.48 89704 0.00 0.00 0.00     0 41.14 42.79 43.92 34416     0 0.580
 10 25 25 41.77 44.12 45.48 89704 0.00 0.00 0.00     0 41.14 42.79 43.92 34416     0 0.254
 10 25 25 41.77 44.12 45.48 89704 0.00 0.00 0.00     0 41.14 42.79 43.92 34416     0 0.254
 10 25 25 41.77 44.12 45.48 89704 0.00 0.00 0.00     0 41.14 42.79 43.92 34416     0 0.264
 10 25 25 41.77 44.12 45.48 89704 0.00 0.00 0.00     0 41.14 42.79 43.92 34416     0 0.254
 10 25 25 41.77 44.12 45.48 89704 0.00 0.00 0.00     0 41.14 42.79 43.92 34416     0 0.260
 10 25 25 41.77 44.12 45.48 89704 0.00 0.00 0.00     0 41.14 42.79 43.92 34416     0 0.255
 10 25 25 41.77 44.12 45.48 89704 0.00 0.00 0.00     0 41.14 42.79 43.92 34416     0 0.260
 10 25 25 41.77 44.12 45.48 89704 0.00 0.00 0.00     0 41.14 42.79 43.92 34416     0 0.251
 10 25 25 41.77 44.12 45.48 89704 0.00 0.00 0.00     0 41.14 42.79 43.92 34416     0 0.268
 10 25 25 41.77 44.12 45.48 89704 0.00 0.00 0.00     0 41.14 42.79 43.92 34416     0 0.259
 10 25 25 41.77 44.12 45.48 89704 0.00 0.00 0.00     0 41.14 42.79 43.92 34416     0 0.255
 10 25 25 41.77 44.12 45.48 89704 0.00 0.00 0.00     0 41.14 42.79 43.92 34416     0 0.372
 10 25 25 41.77 44.12 45.48 89704 0.00 0.00 0.00     0 41.14 42.79 43.92 34416     0 0.283
 10 25 25 41.77 44.12 45.48 89704 0.00 0.00 0.00     0 41.14 42.79 43.92 34416     0 0.261
 10 25 25 41.77 44.12 45.48 89704 0.00 0.00 0.00     0 41.14 42.79 43.92 34416     0 0.257
 10 25 25 41.77 44.12 45.48 89704 0.00 0.00 0.00     0 41.14 42.79 43.92 34416     0 0.339
 10 25 25 41.77 44.12 45.48 89704 0.00 0.00 0.00     0 41.14 42.79 43.92 34416     0 0.259
 10 25 25 41.77 44.12 45.48 89704 0.00 0.00 0.00     0 41.14 42.79 43.92 34416     0 0.281
 10 25 25 41.77 44.12 45.48 89704 0.00 0.00 0.00     0 41.14 42.79 43.92 34416     0 0.539
 10 25 25 41.77 44.12 45.48 89704 0.00 0.00 0.00     0 41.14 42.79 43.92 34416     0 0.519
 10 25 25 41.77 44.12 45.48 89704 0.00 0.00 0.00     0 41.14 42.79 43.92 34416     0 0.512
 10 25 25 41.77 44.12 45.48 89704 0.00 0.00 0.00     0 41.14 42.79 43.92 34416     0 0.584
 10 25 25 41.77 44.12 45.48 89704 0.00 0.00 0.00     0 41.14 42.79 43.92 34416     0 0.514
 10 25 25 41.77 44.12 45.48 89704 0.00 0.00 0.00     0 41.14 42.79 43.92 34416     0 0.552
 10 25 25 41.77 44.12 45.48 89704 0.00 0.00 0.00     0 41.14 42.79 43.92 34416     0 0.494
 10 25 25 41.77 44.12 45.48 89704 0.00 0.00 0.00     0 41.14 42.79 43.92 34416     0 0.504
 10 25 25 41.77 44.12 45.48 89704 0.00 0.00 0.00     0 41.14 42.79 43.92 34416     0 0.551
 10 25 25 41.77 44.12 45.48 89704 0.00 0.00 0.00     0 41.14 42.79 43.92 34416     0 0.480
 10 25 25 41.77 44.12 45.48 89704 0.00 0.00 0.00     0 41.14 42.79 43.92 34416     0 0.470
 10 25 25 41.77 44.12 45.48 89704 0.00 0.00 0.00     0 41.14 42.79 43.92 34416     0 0.525
 10 25 25 41.77 44.12 45.48 89704 0.00 0.00 0.00     0 41.14 42.79 43.92 34416     0 0.461
 10 25 25 41.77 44.12 45.48 89704 0.00 0.00 0.00     0 41.14 42.79 43.92 34416     0 0.533
 20 20 20 45.92 47.92 48.81 124608 0.00 0.00 0.00     0 45.19 46.04 46.79 47544     0 0.519
 20 20 20 45.92 47.92 48.81 124608 0.00 0.00 0.00     0 45.19 46.04 46.79 47544     0 0.298
 20 20 20 45.92 47.92 48.81 124608 0.00 0.00 0.00     0 45.19 46.04 46.79 47544     0 0.312
 20 20 20 45.92 47.92 48.81 124608 0.00 0.00 0.00     0 45.19 46.04 46.79 47544     0 0.326
 20 20 20 45.92 47.92 48.81 124608 0.00 0.00 0.00     0 45.19 46.04 46.79 47544     0 0.324
 20 20 20 45.92 47.92 48.81 124608 0.00 0.00 0.00     0 45.19 46.04 46.79 47544     0 0.305
165 51 51 25.11 40.16 40.12 12120 0.00 0.00 0.00     0 25.09 39.75 39.77   637     0 0.365
