0 121 8005104 59293 58298 121 632600 59405 58750 ApplyEyeMakeup/v_ApplyEyeMakeup_g08_c01.avi
1 118 7716144 56312 56112 118 595784 56635 56540 ApplyEyeMakeup/v_ApplyEyeMakeup_g08_c02.avi
2 147 9494176 68872 66751 147 726648 68606 66360 ApplyEyeMakeup/v_ApplyEyeMakeup_g08_c03.avi
3 225 13890576 112752 96991 225 1234672 112796 97126 ApplyEyeMakeup/v_ApplyEyeMakeup_g08_c04.avi
4 277 18626240 148694 140254 277 1540304 149352 140922 ApplyEyeMakeup/v_ApplyEyeMakeup_g08_c05.avi
5 177 17077336 73896 98923 177 929328 74196 98888 ApplyEyeMakeup/v_ApplyEyeMakeup_g09_c01.avi
6 259 27102184 110636 120367 259 1318816 110400 120368 ApplyEyeMakeup/v_ApplyEyeMakeup_g09_c02.avi
7 211 19174112 115156 127041 211 1175040 115150 127041 ApplyEyeMakeup/v_ApplyEyeMakeup_g09_c03.avi
8 192 18156568 105076 126707 192 1066144 104836 126570 ApplyEyeMakeup/v_ApplyEyeMakeup_g09_c04.avi
9 195 17164728 85385 88627 195 942720 85374 88627 ApplyEyeMakeup/v_ApplyEyeMakeup_g09_c05.avi
10 189 16930192 84900 83857 189 958744 85111 83989 ApplyEyeMakeup/v_ApplyEyeMakeup_g09_c06.avi
11 262 24307480 131634 114888 262 1408440 131540 114905 ApplyEyeMakeup/v_ApplyEyeMakeup_g09_c07.avi
12 154 11278824 70489 64067 154 817784 70792 64326 ApplyEyeMakeup/v_ApplyEyeMakeup_g10_c01.avi
13 99 8125560 50781 44296 99 539792 50295 43864 ApplyEyeMakeup/v_ApplyEyeMakeup_g10_c02.avi
14 107 8115656 45642 34209 107 543080 45523 34181 ApplyEyeMakeup/v_ApplyEyeMakeup_g10_c03.avi
15 125 8349944 48117 35373 125 597360 48097 35535 ApplyEyeMakeup/v_ApplyEyeMakeup_g10_c04.avi
16 121 8947096 50418 37939 121 604448 50527 38248 ApplyEyeMakeup/v_ApplyEyeMakeup_g10_c05.avi
17 141 11285704 61436 61245 141 576840 61612 61509 ApplyEyeMakeup/v_ApplyEyeMakeup_g11_c01.avi
18 179 14855736 83572 84721 179 748992 83564 84721 ApplyEyeMakeup/v_ApplyEyeMakeup_g11_c02.avi
19 126 8887432 43574 38214 126 443000 43584 38360 ApplyEyeMakeup/v_ApplyEyeMakeup_g11_c03.avi
20 139 10286616 52373 44725 139 526368 52202 44499 ApplyEyeMakeup/v_ApplyEyeMakeup_g11_c04.avi
21 181 13508088 71103 61940 181 687704 71118 62001 ApplyEyeMakeup/v_ApplyEyeMakeup_g11_c05.avi
22 227 14176288 110064 148960 227 1269072 110067 149009 ApplyEyeMakeup/v_ApplyEyeMakeup_g12_c01.avi
23 121 8311504 61388 79603 121 738472 61417 79694 ApplyEyeMakeup/v_ApplyEyeMakeup_g12_c02.avi
24 142 9518400 69505 96299 142 844720 69625 96045 ApplyEyeMakeup/v_ApplyEyeMakeup_g12_c03.avi
25 209 12743160 97288 125832 209 1193360 97514 126311 ApplyEyeMakeup/v_ApplyEyeMakeup_g12_c04.avi
26 128 7591688 56675 67904 128 692912 56745 68099 ApplyEyeMakeup/v_ApplyEyeMakeup_g12_c05.avi
27 213 11469224 92570 107996 213 1097376 92983 108359 ApplyEyeMakeup/v_ApplyEyeMakeup_g12_c06.avi
28 176 11754616 84719 100016 176 966824 85437 101063 ApplyEyeMakeup/v_ApplyEyeMakeup_g13_c01.avi
29 100 5971304 41486 44247 100 470832 41171 43831 ApplyEyeMakeup/v_ApplyEyeMakeup_g13_c02.avi
30 169 11097688 81867 94312 169 915208 81389 94193 ApplyEyeMakeup/v_ApplyEyeMakeup_g13_c03.avi
31 121 7887728 56190 66423 121 664368 56136 66695 ApplyEyeMakeup/v_ApplyEyeMakeup_g13_c04.avi
32 120 7775552 56217 69569 120 675696 56269 69336 ApplyEyeMakeup/v_ApplyEyeMakeup_g13_c05.avi
33 138 8927976 56850 66512 138 669136 56634 66644 ApplyEyeMakeup/v_ApplyEyeMakeup_g13_c06.avi
34 186 9664176 80786 78363 186 860904 81132 78832 ApplyEyeMakeup/v_ApplyEyeMakeup_g14_c01.avi
35 187 5346688 45478 32548 187 614536 45334 32402 ApplyEyeMakeup/v_ApplyEyeMakeup_g14_c02.avi
36 238 5559088 46548 33873 238 690112 46819 34065 ApplyEyeMakeup/v_ApplyEyeMakeup_g14_c03.avi
37 133 7323088 65105 59254 133 678448 65017 59235 ApplyEyeMakeup/v_ApplyEyeMakeup_g14_c04.avi
38 161 6383880 56500 51183 161 654216 56509 51204 ApplyEyeMakeup/v_ApplyEyeMakeup_g14_c05.avi
39 170 15743368 114995 114591 170 1061664 115025 114591 ApplyEyeMakeup/v_ApplyEyeMakeup_g15_c01.avi
40 194 18421192 119660 136053 194 1227600 119666 136053 ApplyEyeMakeup/v_ApplyEyeMakeup_g15_c02.avi
41 233 25732240 164777 172285 233 1672256 164318 171609 ApplyEyeMakeup/v_ApplyEyeMakeup_g15_c03.avi
42 188 15499384 112546 115744 188 1141424 112560 115744 ApplyEyeMakeup/v_ApplyEyeMakeup_g15_c04.avi
43 260 25891800 191181 205352 260 1869504 190871 204918 ApplyEyeMakeup/v_ApplyEyeMakeup_g15_c05.avi
44 198 14716656 98651 107393 198 1018528 98676 107393 ApplyEyeMakeup/v_ApplyEyeMakeup_g15_c06.avi
45 183 15562024 109316 117082 183 1050280 109624 117585 ApplyEyeMakeup/v_ApplyEyeMakeup_g15_c07.avi
46 126 6575688 29650 17512 126 461960 29758 17524 ApplyEyeMakeup/v_ApplyEyeMakeup_g16_c01.avi
47 234 15936488 86640 79768 234 1033800 86606 79758 ApplyEyeMakeup/v_ApplyEyeMakeup_g16_c02.avi
48 115 6210200 35982 30766 115 442960 36050 30832 ApplyEyeMakeup/v_ApplyEyeMakeup_g16_c03.avi
49 99 6113016 35940 31445 99 421520 36163 31566 ApplyEyeMakeup/v_ApplyEyeMakeup_g16_c04.avi
50 202 13922176 78312 68021 202 918768 78694 68140 ApplyEyeMakeup/v_ApplyEyeMakeup_g16_c05.avi
51 117 8254648 54324 51711 117 557120 54329 51711 ApplyEyeMakeup/v_ApplyEyeMakeup_g17_c01.avi
52 174 10093128 76753 70566 174 824488 76973 70670 ApplyEyeMakeup/v_ApplyEyeMakeup_g17_c02.avi
53 95 6415368 45903 50612 95 499752 46077 50882 ApplyEyeMakeup/v_ApplyEyeMakeup_g17_c03.avi
54 106 9958096 63123 73781 106 657656 62767 73561 ApplyEyeMakeup/v_ApplyEyeMakeup_g17_c04.avi
55 183 13037272 91799 100009 183 988080 91773 100009 ApplyEyeMakeup/v_ApplyEyeMakeup_g17_c05.avi
56 160 13189712 120185 107621 160 1173496 120401 107920 ApplyEyeMakeup/v_ApplyEyeMakeup_g18_c01.avi
57 171 15092960 148482 148376 171 1391928 148220 147894 ApplyEyeMakeup/v_ApplyEyeMakeup_g18_c02.avi
58 158 10899488 101917 89874 158 1004656 101707 89719 ApplyEyeMakeup/v_ApplyEyeMakeup_g18_c03.avi
59 225 15417600 150487 131588 225 1491664 150190 131472 ApplyEyeMakeup/v_ApplyEyeMakeup_g18_c04.avi
60 188 13322792 133374 125691 188 1290568 133756 125847 ApplyEyeMakeup/v_ApplyEyeMakeup_g18_c05.avi
61 181 12685128 70262 53102 181 891224 70144 52957 ApplyEyeMakeup/v_ApplyEyeMakeup_g19_c01.avi
62 244 23166544 165784 184390 244 1674200 165816 184390 ApplyEyeMakeup/v_ApplyEyeMakeup_g19_c02.avi
63 127 10196168 55452 47421 127 622464 55460 47421 ApplyEyeMakeup/v_ApplyEyeMakeup_g19_c03.avi
64 132 10895560 60066 47628 132 668232 59946 47526 ApplyEyeMakeup/v_ApplyEyeMakeup_g19_c04.avi
65 183 11031248 69286 51220 183 783664 69324 51183 ApplyEyeMakeup/v_ApplyEyeMakeup_g20_c01.avi
66 159 12353104 79089 68693 159 787176 79131 68693 ApplyEyeMakeup/v_ApplyEyeMakeup_g20_c02.avi
67 131 9976040 51361 62794 131 609992 51366 62793 ApplyEyeMakeup/v_ApplyEyeMakeup_g20_c03.avi
68 221 14972256 92481 94526 221 969296 92680 94638 ApplyEyeMakeup/v_ApplyEyeMakeup_g20_c04.avi
69 114 9148960 51361 57744 114 559400 51303 57661 ApplyEyeMakeup/v_ApplyEyeMakeup_g20_c05.avi
70 182 12005128 79514 76517 182 823736 79507 76517 ApplyEyeMakeup/v_ApplyEyeMakeup_g20_c06.avi
71 182 40134312 213637 303137 182 1735304 213574 302299 ApplyEyeMakeup/v_ApplyEyeMakeup_g21_c01.avi
72 96 19019888 126370 165386 96 972056 125983 165419 ApplyEyeMakeup/v_ApplyEyeMakeup_g21_c02.avi
73 128 25227984 161295 224042 128 1280664 161303 225303 ApplyEyeMakeup/v_ApplyEyeMakeup_g21_c03.avi
74 228 47378184 280578 378130 228 2220640 281602 378620 ApplyEyeMakeup/v_ApplyEyeMakeup_g21_c04.avi
75 91 20897504 85134 75285 91 727104 85090 75670 ApplyEyeMakeup/v_ApplyEyeMakeup_g21_c05.avi
76 171 4028808 23555 17703 171 396312 23554 17712 ApplyEyeMakeup/v_ApplyEyeMakeup_g22_c01.avi
77 258 10963392 99738 72423 258 1161952 99950 72632 ApplyEyeMakeup/v_ApplyEyeMakeup_g22_c02.avi
78 148 6600920 59593 48380 148 666584 59827 48735 ApplyEyeMakeup/v_ApplyEyeMakeup_g22_c03.avi
79 209 7561608 70781 55869 209 829096 70547 55666 ApplyEyeMakeup/v_ApplyEyeMakeup_g22_c04.avi
80 244 11477176 103005 87496 244 1138920 103564 87424 ApplyEyeMakeup/v_ApplyEyeMakeup_g22_c05.avi
81 136 13520472 85735 73703 136 909400 85620 73884 ApplyEyeMakeup/v_ApplyEyeMakeup_g23_c01.avi
82 132 9517568 60282 54422 132 647176 60394 54634 ApplyEyeMakeup/v_ApplyEyeMakeup_g23_c02.avi
83 126 8424872 59059 45913 126 670600 59045 45952 ApplyEyeMakeup/v_ApplyEyeMakeup_g23_c03.avi
84 201 13334648 81443 69452 201 947224 81800 69894 ApplyEyeMakeup/v_ApplyEyeMakeup_g23_c04.avi
85 205 14590376 79441 65892 205 963432 79427 65880 ApplyEyeMakeup/v_ApplyEyeMakeup_g23_c05.avi
86 141 9729528 54845 46519 141 648216 54891 46790 ApplyEyeMakeup/v_ApplyEyeMakeup_g23_c06.avi
87 259 24701584 172631 219186 259 1731568 171981 218550 ApplyEyeMakeup/v_ApplyEyeMakeup_g24_c01.avi
88 106 8230504 59384 75335 106 651496 59750 75513 ApplyEyeMakeup/v_ApplyEyeMakeup_g24_c02.avi
89 103 7749328 57922 72552 103 571208 57902 72552 ApplyEyeMakeup/v_ApplyEyeMakeup_g24_c03.avi
90 209 12033984 94125 90152 209 1003464 94147 90152 ApplyEyeMakeup/v_ApplyEyeMakeup_g24_c04.avi
91 200 10830160 84859 85202 200 902624 84748 85033 ApplyEyeMakeup/v_ApplyEyeMakeup_g24_c05.avi
92 223 15130336 103501 116914 223 1146088 103388 116876 ApplyEyeMakeup/v_ApplyEyeMakeup_g24_c06.avi
93 195 11503760 97877 97018 195 975536 97864 97018 ApplyEyeMakeup/v_ApplyEyeMakeup_g24_c07.avi
94 242 15100888 104153 100989 242 1225832 103575 100527 ApplyEyeMakeup/v_ApplyEyeMakeup_g25_c01.avi
95 130 8948368 59225 60197 130 693408 59011 60088 ApplyEyeMakeup/v_ApplyEyeMakeup_g25_c02.avi
96 126 8485552 53859 53177 126 653936 53810 53120 ApplyEyeMakeup/v_ApplyEyeMakeup_g25_c03.avi
97 178 11176384 77291 74011 178 898672 77100 74141 ApplyEyeMakeup/v_ApplyEyeMakeup_g25_c04.avi
98 94 6416104 41902 41952 94 497824 41621 41573 ApplyEyeMakeup/v_ApplyEyeMakeup_g25_c05.avi
99 110 8337280 52078 51123 110 604616 52257 51552 ApplyEyeMakeup/v_ApplyEyeMakeup_g25_c06.avi
