  0  0  0 0.00 0.00 0.00     0 0.00 0.00 0.00     0 10.24 32.30 28.32     0 0.000
  0  0  0 0.00 0.00 0.00     0 0.00 0.00 0.00     0 10.14 32.20 28.08     0 0.000
  0  0  0 0.00 0.00 0.00     0 0.00 0.00 0.00     0 10.24 32.30 28.32     0 0.000
  0  0  0 0.00 0.00 0.00     0 0.00 0.00 0.00     0 10.14 32.20 28.08     0 0.000
  0  0  0 0.00 0.00 0.00     0 0.00 0.00 0.00     0 10.22 32.28 28.36     0 0.000
  0  0  0 0.00 0.00 0.00     0 0.00 0.00 0.00     0 10.10 32.20 27.92     0 0.000
  0  0  0 0.00 0.00 0.00     0 0.00 0.00 0.00     0 10.10 32.20 27.92     0 0.000
  0  0  0 0.00 0.00 0.00     0 0.00 0.00 0.00     0 10.10 32.20 27.92     0 0.000
  0  0  0 0.00 0.00 0.00     0 0.00 0.00 0.00     0 10.10 32.20 27.92     0 0.000
  0  0  0 0.00 0.00 0.00     0 0.00 0.00 0.00     0 10.10 32.20 27.92     0 0.000
  0  0  0 0.00 0.00 0.00     0 0.00 0.00 0.00     0 10.10 32.20 27.92     0 0.000
  0  0  0 0.00 0.00 0.00     0 0.00 0.00 0.00     0 10.10 32.20 27.92     0 0.000
  0  0  0 0.00 0.00 0.00     0 0.00 0.00 0.00     0 10.89 32.17 29.73     0 0.000
  0  0  0 0.00 0.00 0.00     0 0.00 0.00 0.00     0 10.89 32.17 29.73     0 0.000
  0  0  0 0.00 0.00 0.00     0 0.00 0.00 0.00     0 10.89 32.17 29.73     0 0.000
  0  0  0 0.00 0.00 0.00     0 0.00 0.00 0.00     0 10.89 32.17 29.73     0 0.000
  0  0  0 0.00 0.00 0.00     0 0.00 0.00 0.00     0 10.89 32.17 29.73     0 0.000
  0  0  0 0.00 0.00 0.00     0 0.00 0.00 0.00     0 10.89 32.17 29.73     0 0.000
  0  0  0 0.00 0.00 0.00     0 0.00 0.00 0.00     0 10.10 32.20 27.92     0 0.000
  0  0  0 0.00 0.00 0.00     0 0.00 0.00 0.00     0 10.10 32.20 27.92     0 0.000
  0  0  0 0.00 0.00 0.00     0 0.00 0.00 0.00     0 9.72 33.01 27.67     0 0.000
  0  0  0 0.00 0.00 0.00     0 0.00 0.00 0.00     0 9.65 32.82 29.17     0 0.000
  0  0  0 0.00 0.00 0.00     0 0.00 0.00 0.00     0 9.63 32.51 28.50     0 0.000
  0  0  0 0.00 0.00 0.00     0 0.00 0.00 0.00     0 9.82 32.72 28.40     0 0.000
  0  0  0 0.00 0.00 0.00     0 0.00 0.00 0.00     0 11.11 23.46 18.87     0 0.000
  0  0  0 0.00 0.00 0.00     0 0.00 0.00 0.00     0 11.39 23.78 18.67     0 0.000
  0  0  0 0.00 0.00 0.00     0 0.00 0.00 0.00     0 11.47 24.38 19.27     0 0.000
  0  0  0 0.00 0.00 0.00     0 0.00 0.00 0.00     0 10.64 24.25 21.94     0 0.000
  0  0  0 0.00 0.00 0.00     0 0.00 0.00 0.00     0 9.88 32.21 28.01     0 0.000
  0  0  0 0.00 0.00 0.00     0 0.00 0.00 0.00     0 9.88 32.21 28.01     0 0.000
  0  0  0 0.00 0.00 0.00     0 0.00 0.00 0.00     0 9.88 32.21 28.01     0 0.000
  0  0  0 0.00 0.00 0.00     0 0.00 0.00 0.00     0 9.88 32.21 28.01     0 0.000
  0  0  0 0.00 0.00 0.00     0 0.00 0.00 0.00     0 10.03 33.02 28.96     0 0.000
  0  0  0 0.00 0.00 0.00     0 0.00 0.00 0.00     0 9.88 32.21 28.01     0 0.000
  0  0  0 0.00 0.00 0.00     0 0.00 0.00 0.00     0 9.88 32.21 28.01     0 0.000
  0  0  0 0.00 0.00 0.00     0 0.00 0.00 0.00     0 9.88 32.21 28.01     0 0.000
  0  0 30 0.00 0.00 0.00     0 0.00 0.00 0.00     0 10.09 32.45 27.99     0 0.000
  0  0 30 0.00 0.00 0.00     0 0.00 0.00 0.00     0 9.90 33.30 28.92     0 0.000
  0  0 30 0.00 0.00 0.00     0 0.00 0.00 0.00     0 10.09 32.45 27.99     0 0.000
  0  0 30 0.00 0.00 0.00     0 0.00 0.00 0.00     0 9.90 33.30 28.92     0 0.000
  0  0 30 0.00 0.00 0.00     0 0.00 0.00 0.00     0 10.09 32.45 27.99     0 0.000
  0  0 30 0.00 0.00 0.00     0 0.00 0.00 0.00     0 9.90 33.30 28.92     0 0.000
  0  0 25 0.00 0.00 0.00     0 0.00 0.00 0.00     0 10.86 32.47 29.75     0 0.000
  0  0 25 0.00 0.00 0.00     0 0.00 0.00 0.00     0 10.86 32.47 29.75     0 0.000
  0  0 25 0.00 0.00 0.00     0 0.00 0.00 0.00     0 9.95 32.34 27.99     0 0.000
  0  0 25 0.00 0.00 0.00     0 0.00 0.00 0.00     0 9.87 27.02 24.91     0 0.000
  0  0 25 0.00 0.00 0.00     0 0.00 0.00 0.00     0 10.89 32.63 29.86     0 0.000
  0  0 25 0.00 0.00 0.00     0 0.00 0.00 0.00     0 10.92 32.57 29.73     0 0.000
  0  0 25 0.00 0.00 0.00     0 0.00 0.00 0.00     0 9.71 25.95 23.85     0 0.000
  0  0 25 0.00 0.00 0.00     0 0.00 0.00 0.00     0 10.99 32.42 29.87     0 0.000
  0  0 25 0.00 0.00 0.00     0 0.00 0.00 0.00     0 9.62 25.01 22.93     0 0.000
  0  0 25 0.00 0.00 0.00     0 0.00 0.00 0.00     0 10.95 31.87 29.32     0 0.000
  0  0 25 0.00 0.00 0.00     0 0.00 0.00 0.00     0 9.42 21.89 19.42     0 0.000
  0  0 25 0.00 0.00 0.00     0 0.00 0.00 0.00     0 10.72 28.03 24.48     0 0.000
  0  0 25 0.00 0.00 0.00     0 0.00 0.00 0.00     0 10.65 28.08 24.40     0 0.000
  0  0 25 0.00 0.00 0.00     0 0.00 0.00 0.00     0 10.95 31.77 29.31     0 0.000
  0  0 25 0.00 0.00 0.00     0 0.00 0.00 0.00     0 10.95 31.77 29.31     0 0.000
  0  0 25 0.00 0.00 0.00     0 0.00 0.00 0.00     0 10.97 32.16 29.38     0 0.000
  0  0 25 0.00 0.00 0.00     0 0.00 0.00 0.00     0 10.76 28.42 24.75     0 0.000
  0  0 25 0.00 0.00 0.00     0 0.00 0.00 0.00     0 10.97 32.16 29.38     0 0.000
  0  0 25 0.00 0.00 0.00     0 0.00 0.00 0.00     0 10.76 28.42 24.75     0 0.000
  0  0 25 0.00 0.00 0.00     0 0.00 0.00 0.00     0 10.97 32.16 29.38     0 0.000
  0  0 25 0.00 0.00 0.00     0 0.00 0.00 0.00     0 10.97 32.16 29.38     0 0.000
  0  0 25 0.00 0.00 0.00     0 0.00 0.00 0.00     0 10.76 28.42 24.75     0 0.000
  0  0 25 0.00 0.00 0.00     0 0.00 0.00 0.00     0 10.97 32.16 29.38     0 0.000
  0  0 25 0.00 0.00 0.00     0 0.00 0.00 0.00     0 10.76 28.42 24.75     0 0.000
  0  0 25 0.00 0.00 0.00     0 0.00 0.00 0.00     0 10.97 32.16 29.38     0 0.000
  0  0 25 0.00 0.00 0.00     0 0.00 0.00 0.00     0 10.76 28.42 24.75     0 0.000
  0  0 25 0.00 0.00 0.00     0 0.00 0.00 0.00     0 10.97 32.16 29.38     0 0.000
  0  0 25 0.00 0.00 0.00     0 0.00 0.00 0.00     0 10.97 32.16 29.38     0 0.000
  0  0 25 0.00 0.00 0.00     0 0.00 0.00 0.00     0 10.97 32.16 29.38     0 0.000
  0  0 25 0.00 0.00 0.00     0 0.00 0.00 0.00     0 10.97 32.16 29.38     0 0.000
  0  0 25 0.00 0.00 0.00     0 0.00 0.00 0.00     0 10.76 28.42 24.75     0 0.000
  0  0 25 0.00 0.00 0.00     0 0.00 0.00 0.00     0 10.68 29.13 24.26     0 0.000
  0  0 25 0.00 0.00 0.00     0 0.00 0.00 0.00     0 10.74 29.72 23.49     0 0.000
  0  0 25 0.00 0.00 0.00     0 0.00 0.00 0.00     0 10.97 32.16 29.38     0 0.000
  0  0 25 0.00 0.00 0.00     0 0.00 0.00 0.00     0 10.76 28.42 24.75     0 0.000
  0  0 25 0.00 0.00 0.00     0 0.00 0.00 0.00     0 10.68 29.13 24.26     0 0.000
  0  0 25 0.00 0.00 0.00     0 0.00 0.00 0.00     0 10.74 29.72 23.49     0 0.000
  0  0 25 0.00 0.00 0.00     0 0.00 0.00 0.00     0 10.97 32.16 29.38     0 0.000
  0  0 25 0.00 0.00 0.00     0 0.00 0.00 0.00     0 10.97 32.16 29.38     0 0.000
  0  0 25 0.00 0.00 0.00     0 0.00 0.00 0.00     0 10.97 32.16 29.38     0 0.000
  0  0 25 0.00 0.00 0.00     0 0.00 0.00 0.00     0 10.76 28.42 24.75     0 0.000
  0  0 25 0.00 0.00 0.00     0 0.00 0.00 0.00     0 10.68 29.13 24.26     0 0.000
  0  0 25 0.00 0.00 0.00     0 0.00 0.00 0.00     0 10.74 29.72 23.49     0 0.000
  0  0 25 0.00 0.00 0.00     0 0.00 0.00 0.00     0 10.73 29.25 23.41     0 0.000
  0  0 25 0.00 0.00 0.00     0 0.00 0.00 0.00     0 10.95 28.72 25.19     0 0.000
  0  0 25 0.00 0.00 0.00     0 0.00 0.00 0.00     0 10.80 29.17 24.27     0 0.000
  0  0 25 0.00 0.00 0.00     0 0.00 0.00 0.00     0 10.73 28.88 23.55     0 0.000
  0  0 25 0.00 0.00 0.00     0 0.00 0.00 0.00     0 10.11 32.37 28.01     0 0.000
  0  0 25 0.00 0.00 0.00     0 0.00 0.00 0.00     0 9.72 33.15 27.69     0 0.000
  0  0 25 0.00 0.00 0.00     0 0.00 0.00 0.00     0 9.65 32.99 29.21     0 0.000
  0  0 25 0.00 0.00 0.00     0 0.00 0.00 0.00     0 9.64 32.64 28.54     0 0.000
  0  0 25 0.00 0.00 0.00     0 0.00 0.00 0.00     0 9.83 32.80 28.43     0 0.000
  0  0 25 0.00 0.00 0.00     0 0.00 0.00 0.00     0 7.68 26.66 29.78     0 0.000
  0  0 35 0.00 0.00 0.00     0 0.00 0.00 0.00     0 7.63 27.02 30.13     0 0.000
  0  0 24 0.00 0.00 0.00     0 0.00 0.00 0.00     0 7.85 26.62 29.70     0 0.000
  0  0 35 0.00 0.00 0.00     0 0.00 0.00 0.00     0 7.63 27.02 30.13     0 0.000
  0  0 24 0.00 0.00 0.00     0 0.00 0.00 0.00     0 7.85 26.62 29.70     0 0.000
  0  0 35 0.00 0.00 0.00     0 0.00 0.00 0.00     0 7.63 27.02 30.13     0 0.000
  0  0 24 0.00 0.00 0.00     0 0.00 0.00 0.00     0 7.85 26.62 29.70     0 0.000
  0  0 35 0.00 0.00 0.00     0 0.00 0.00 0.00     0 7.63 27.02 30.13     0 0.000
  0  0  0 0.00 0.00 0.00     0 0.00 0.00 0.00     0 7.03 26.48 29.55     0 0.000
  0  0  0 0.00 0.00 0.00     0 0.00 0.00 0.00     0 7.03 26.48 29.55     0 0.000
  0  0 25 0.00 0.00 0.00     0 0.00 0.00 0.00     0 10.09 10.12 10.22     0 0.000
  0  0 25 0.00 0.00 0.00     0 0.00 0.00 0.00     0 10.09 10.12 10.22     0 0.000
  0  0 25 0.00 0.00 0.00     0 0.00 0.00 0.00     0 10.09 10.12 10.22     0 0.000
  0  0 25 0.00 0.00 0.00     0 0.00 0.00 0.00     0 7.75 26.64 29.74     0 0.000
  0  0 25 0.00 0.00 0.00     0 0.00 0.00 0.00     0 7.75 26.64 29.74     0 0.000
  0  0 25 0.00 0.00 0.00     0 0.00 0.00 0.00     0 7.69 26.66 29.77     0 0.000
  0  0  0 0.00 0.00 0.00     0 0.00 0.00 0.00     0 7.03 26.48 29.55     0 0.000
  0  0 24 0.00 0.00 0.00     0 0.00 0.00 0.00     0 7.85 26.62 29.70     0 0.000
  0  0 35 0.00 0.00 0.00     0 0.00 0.00 0.00     0 7.63 27.02 30.13     0 0.000
  0  0  0 0.00 0.00 0.00     0 0.00 0.00 0.00     0 7.03 26.48 29.55     0 0.000
  0  0 24 0.00 0.00 0.00     0 0.00 0.00 0.00     0 7.85 26.62 29.70     0 0.000
  0  0 35 0.00 0.00 0.00     0 0.00 0.00 0.00     0 7.63 27.02 30.13     0 0.000
  0  0 25 0.00 0.00 0.00     0 0.00 0.00 0.00     0 8.20 26.61 29.51     0 0.000
  0  0 25 0.00 0.00 0.00     0 0.00 0.00 0.00     0 8.19 26.62 29.49     0 0.000
  0  0 25 0.00 0.00 0.00     0 0.00 0.00 0.00     0 8.23 26.59 29.48     0 0.000
  0  0  0 0.00 0.00 0.00     0 0.00 0.00 0.00     0 7.03 26.48 29.55     0 0.000
  0  0  0 0.00 0.00 0.00     0 0.00 0.00 0.00     0 7.03 26.48 29.55     0 0.000
  0  0  0 0.00 0.00 0.00     0 0.00 0.00 0.00     0 7.03 26.48 29.55     0 0.000
  0  0  0 0.00 0.00 0.00     0 0.00 0.00 0.00     0 7.03 26.48 29.55     0 0.000
  0  0  0 0.00 0.00 0.00     0 0.00 0.00 0.00     0 7.03 26.48 29.55     0 0.000
  0  0  0 0.00 0.00 0.00     0 0.00 0.00 0.00     0 7.03 26.48 29.55     0 0.000
  0  0  0 0.00 0.00 0.00     0 0.00 0.00 0.00     0 7.03 26.48 29.55     0 0.000
  0  0  0 0.00 0.00 0.00     0 0.00 0.00 0.00     0 7.03 26.48 29.55     0 0.000
  0  0  0 0.00 0.00 0.00     0 0.00 0.00 0.00     0 7.03 26.48 29.55     0 0.000
  0  0  0 0.00 0.00 0.00     0 0.00 0.00 0.00     0 7.03 26.48 29.55     0 0.000
  0  0  0 0.00 0.00 0.00     0 0.00 0.00 0.00     0 7.03 26.48 29.55     0 0.000
  0  0  0 0.00 0.00 0.00     0 0.00 0.00 0.00     0 7.03 26.48 29.55     0 0.000
  0  0  0 0.00 0.00 0.00     0 0.00 0.00 0.00     0 7.03 26.48 29.55     0 0.000
  0  0  0 0.00 0.00 0.00     0 0.00 0.00 0.00     0 7.03 26.48 29.55     0 0.000
  0  0  0 0.00 0.00 0.00     0 0.00 0.00 0.00     0 7.03 26.48 29.55     0 0.000
  0  0 20 0.00 0.00 0.00     0 0.00 0.00 0.00     0 8.33 26.23 29.07     0 0.000
  0  0 20 0.00 0.00 0.00     0 0.00 0.00 0.00     0 8.33 26.23 29.07     0 0.000
  0  0 20 0.00 0.00 0.00     0 0.00 0.00 0.00     0 8.33 26.23 29.07     0 0.000
  0  0 20 0.00 0.00 0.00     0 0.00 0.00 0.00     0 8.33 26.23 29.07     0 0.000
  0  0 20 0.00 0.00 0.00     0 0.00 0.00 0.00     0 8.33 26.23 29.07     0 0.000
  0  0 51 0.00 0.00 0.00     0 0.00 0.00 0.00     0 10.07 32.43 28.91     0 0.000
  0  0 51 0.00 0.00 0.00     0 0.00 0.00 0.00     0 10.07 32.43 28.91     0 0.000
  0  0 51 0.00 0.00 0.00     0 0.00 0.00 0.00     0 10.07 32.43 28.91     0 0.000
  0  0 51 0.00 0.00 0.00     0 0.00 0.00 0.00     0 9.99 33.01 28.31     0 0.000
  0  0 51 0.00 0.00 0.00     0 0.00 0.00 0.00     0 9.71 33.15 29.02     0 0.000
  0  0 51 0.00 0.00 0.00     0 0.00 0.00 0.00     0 10.07 32.43 28.91     0 0.000
  0  0 51 0.00 0.00 0.00     0 0.00 0.00 0.00     0 9.99 33.01 28.31     0 0.000
  0  0 51 0.00 0.00 0.00     0 0.00 0.00 0.00     0 9.71 33.15 29.02     0 0.000
  0  0  0 0.00 0.00 0.00     0 0.00 0.00 0.00     0 9.85 31.90 28.55     0 0.000
  0  0  0 0.00 0.00 0.00     0 0.00 0.00 0.00     0 9.96 32.21 28.01     0 0.000
  0  0  0 0.00 0.00 0.00     0 0.00 0.00 0.00     0 9.83 33.02 28.96     0 0.000
  0  0  0 0.00 0.00 0.00     0 0.00 0.00 0.00     0 12.38 31.74 24.90     0 0.000
  0  0  0 0.00 0.00 0.00     0 0.00 0.00 0.00     0 12.29 31.76 25.19     0 0.000
  0  0  0 0.00 0.00 0.00     0 0.00 0.00 0.00     0 12.40 31.78 24.83     0 0.000
  0  0  0 0.00 0.00 0.00     0 0.00 0.00 0.00     0 12.41 31.59 24.75     0 0.000
  0  0  0 0.00 0.00 0.00     0 0.00 0.00 0.00     0 12.41 31.26 24.60     0 0.000
  0  0  0 0.00 0.00 0.00     0 0.00 0.00 0.00     0 12.47 31.47 24.79     0 0.000
  0  0  0 0.00 0.00 0.00     0 0.00 0.00 0.00     0 12.48 31.46 24.67     0 0.000
  0  0  0 0.00 0.00 0.00     0 0.00 0.00 0.00     0 9.53 24.13 27.67     0 0.000
  0  0  0 0.00 0.00 0.00     0 0.00 0.00 0.00     0 9.38 24.38 27.82     0 0.000
  0  0  0 0.00 0.00 0.00     0 0.00 0.00 0.00     0 9.32 24.02 27.53     0 0.000
  0  0 51 0.00 0.00 0.00     0 0.00 0.00 0.00     0 12.20 33.00 25.43     0 0.000
  0  0 51 0.00 0.00 0.00     0 0.00 0.00 0.00     0 11.87 33.10 25.84     0 0.000
  0  0 51 0.00 0.00 0.00     0 0.00 0.00 0.00     0 12.11 33.37 25.47     0 0.000
  0  0 51 0.00 0.00 0.00     0 0.00 0.00 0.00     0 12.14 33.26 25.36     0 0.000
  0  0 51 0.00 0.00 0.00     0 0.00 0.00 0.00     0 12.15 33.08 25.20     0 0.000
  0  0 51 0.00 0.00 0.00     0 0.00 0.00 0.00     0 12.13 32.73 25.38     0 0.000
  0  0 51 0.00 0.00 0.00     0 0.00 0.00 0.00     0 12.14 32.64 25.26     0 0.000
  0  0 51 0.00 0.00 0.00     0 0.00 0.00 0.00     0 9.40 24.47 27.87     0 0.000
  0  0 51 0.00 0.00 0.00     0 0.00 0.00 0.00     0 9.48 24.74 28.11     0 0.000
  0  0 51 0.00 0.00 0.00     0 0.00 0.00 0.00     0 9.54 24.47 27.80     0 0.000
  0  0 40 0.00 0.00 0.00     0 0.00 0.00 0.00     0 12.39 32.78 25.31     0 0.000
  0  0 40 0.00 0.00 0.00     0 0.00 0.00 0.00     0 12.16 32.77 25.68     0 0.000
  0  0 40 0.00 0.00 0.00     0 0.00 0.00 0.00     0 12.27 32.98 25.29     0 0.000
  0  0 40 0.00 0.00 0.00     0 0.00 0.00 0.00     0 12.38 32.74 25.18     0 0.000
  0  0 40 0.00 0.00 0.00     0 0.00 0.00 0.00     0 12.37 32.23 25.00     0 0.000
  0  0 40 0.00 0.00 0.00     0 0.00 0.00 0.00     0 12.40 32.38 25.25     0 0.000
  0  0 40 0.00 0.00 0.00     0 0.00 0.00 0.00     0 12.37 32.40 25.12     0 0.000
  0  0 40 0.00 0.00 0.00     0 0.00 0.00 0.00     0 9.32 24.47 27.77     0 0.000
  0  0 40 0.00 0.00 0.00     0 0.00 0.00 0.00     0 9.54 24.71 27.99     0 0.000
  0  0 40 0.00 0.00 0.00     0 0.00 0.00 0.00     0 9.39 24.41 27.77     0 0.000
  0  0 30 0.00 0.00 0.00     0 0.00 0.00 0.00     0 12.42 32.26 25.04     0 0.000
  0  0 30 0.00 0.00 0.00     0 0.00 0.00 0.00     0 12.33 32.32 25.39     0 0.000
  0  0 30 0.00 0.00 0.00     0 0.00 0.00 0.00     0 12.41 32.35 25.01     0 0.000
  0  0 30 0.00 0.00 0.00     0 0.00 0.00 0.00     0 12.44 32.14 24.93     0 0.000
  0  0 30 0.00 0.00 0.00     0 0.00 0.00 0.00     0 12.49 31.82 24.76     0 0.000
  0  0 30 0.00 0.00 0.00     0 0.00 0.00 0.00     0 12.50 31.92 24.94     0 0.000
  0  0 30 0.00 0.00 0.00     0 0.00 0.00 0.00     0 12.49 31.97 24.85     0 0.000
  0  0 30 0.00 0.00 0.00     0 0.00 0.00 0.00     0 9.46 24.28 27.72     0 0.000
  0  0 30 0.00 0.00 0.00     0 0.00 0.00 0.00     0 9.51 24.54 27.88     0 0.000
  0  0 30 0.00 0.00 0.00     0 0.00 0.00 0.00     0 9.37 24.18 27.62     0 0.000
  0  0 20 0.00 0.00 0.00     0 0.00 0.00 0.00     0 15.01 9.31 10.45     0 0.000
  0  0 20 0.00 0.00 0.00     0 0.00 0.00 0.00     0 21.57 21.63 23.03     0 0.000
  0  0  0 0.00 0.00 0.00     0 0.00 0.00 0.00     0 14.47 11.35 12.93     0 0.000
  0  0  0 0.00 0.00 0.00     0 0.00 0.00 0.00     0 14.39 11.66 12.47     0 0.000
  0  0  0 0.00 0.00 0.00     0 0.00 0.00 0.00     0 13.98 10.11 13.64     0 0.000
  0  0  0 0.00 0.00 0.00     0 0.00 0.00 0.00     0 13.91 10.41 13.18     0 0.000
  0  0  0 0.00 0.00 0.00     0 0.00 0.00 0.00     0 14.47 11.35 12.93     0 0.000
  0  0  0 0.00 0.00 0.00     0 0.00 0.00 0.00     0 11.34 33.46 33.86     0 0.000
  0  0  0 0.00 0.00 0.00     0 0.00 0.00 0.00     0 11.34 33.46 33.86     0 0.000
  0  0  0 0.00 0.00 0.00     0 0.00 0.00 0.00     0 10.59 34.60 40.43     0 0.000
  0  0  0 0.00 0.00 0.00     0 0.00 0.00 0.00     0 9.18 38.37 32.95     0 0.000
  0  0 40 0.00 0.00 0.00     0 0.00 0.00 0.00     0 7.56 26.97 30.23     0 0.000
  0  0 40 0.00 0.00 0.00     0 0.00 0.00 0.00     0 7.56 26.97 30.23     0 0.000
  0  0 40 0.00 0.00 0.00     0 0.00 0.00 0.00     0 7.56 26.97 30.23     0 0.000
  0  0 40 0.00 0.00 0.00     0 0.00 0.00 0.00     0 7.56 26.97 30.23     0 0.000
  0  0 40 0.00 0.00 0.00     0 0.00 0.00 0.00     0 7.56 26.97 30.23     0 0.000
  0  0 40 0.00 0.00 0.00     0 0.00 0.00 0.00     0 7.56 26.97 30.23     0 0.000
  0  0 40 0.00 0.00 0.00     0 0.00 0.00 0.00     0 10.16 32.33 28.85     0 0.000
  0  0 40 0.00 0.00 0.00     0 0.00 0.00 0.00     0 10.16 32.33 28.85     0 0.000
  0  0 40 0.00 0.00 0.00     0 0.00 0.00 0.00     0 10.16 32.33 28.85     0 0.000
  0  0 40 0.00 0.00 0.00     0 0.00 0.00 0.00     0 10.16 32.33 28.85     0 0.000
  0  0 40 0.00 0.00 0.00     0 0.00 0.00 0.00     0 10.16 32.33 28.85     0 0.000
  0  0 40 0.00 0.00 0.00     0 0.00 0.00 0.00     0 7.56 26.97 30.23     0 0.000
  0  0 40 0.00 0.00 0.00     0 0.00 0.00 0.00     0 7.56 26.97 30.23     0 0.000
  0  0 40 0.00 0.00 0.00     0 0.00 0.00 0.00     0 7.56 26.97 30.23     0 0.000
  0  0 40 0.00 0.00 0.00     0 0.00 0.00 0.00     0 7.56 26.97 30.23     0 0.000
  0  0 40 0.00 0.00 0.00     0 0.00 0.00 0.00     0 7.56 26.97 30.23     0 0.000
  0  0 40 0.00 0.00 0.00     0 0.00 0.00 0.00     0 7.56 26.97 30.23     0 0.000
  0  0 40 0.00 0.00 0.00     0 0.00 0.00 0.00     0 7.56 26.97 30.23     0 0.000
