  1  0  0 70.26 74.53 76.05 12512 0.00 0.00 0.00     0 70.26 74.53 76.05 12512     0 0.063
  1  0  0 70.15 74.84 74.06 12696 0.00 0.00 0.00     0 70.15 74.84 74.06 12696     0 0.071
  1  0  0 70.26 74.53 76.05 12512 0.00 0.00 0.00     0 70.26 74.53 76.05 12512     0 0.053
  1  0  0 70.15 74.84 74.06 12696 0.00 0.00 0.00     0 70.15 74.84 74.06 12696     0 0.061
 10  0  0 70.26 74.53 76.05 12512 0.00 0.00 0.00     0 67.55 68.13 68.75  6471     0 0.176
 10  0  0 70.15 74.84 74.06 12696 0.00 0.00 0.00     0 67.07 68.55 68.33  6307     0 0.173
 10  0  0 70.15 74.84 74.06 12696 0.00 0.00 0.00     0 67.07 68.55 68.33  6307     0 0.200
 10  0  0 70.15 74.84 74.06 12696 0.00 0.00 0.00     0 67.07 68.55 68.33  6307     0 0.199
 10  0  0 70.15 74.84 74.06 12696 0.00 0.00 0.00     0 67.07 68.55 68.33  6307     0 0.177
 10  0  0 70.15 74.84 74.06 12696 0.00 0.00 0.00     0 67.07 68.55 68.33  6307     0 0.176
 10  0  0 70.15 74.84 74.06 12696 0.00 0.00 0.00     0 67.07 68.55 68.33  6307     0 0.175
 10  0  0 70.15 74.84 74.06 12696 0.00 0.00 0.00     0 67.07 68.55 68.33  6307     0 0.176
 10  0  0 71.51 74.53 75.05 10080 0.00 0.00 0.00     0 67.71 68.43 68.43  6293     0 0.176
 10  0  0 71.51 74.53 75.05 10080 0.00 0.00 0.00     0 67.71 68.43 68.43  6293     0 0.202
 10  0  0 71.51 74.53 75.05 10080 0.00 0.00 0.00     0 66.75 68.24 68.27  3874     0 0.075
 10  0  0 71.51 74.53 75.05 10080 0.00 0.00 0.00     0 66.75 68.24 68.27  3874     0 0.076
 10  0  0 71.51 74.53 75.05 10080 0.00 0.00 0.00     0 69.30 68.29 68.46 21380     0 0.091
 10  0  0 71.51 74.53 75.05 10080 0.00 0.00 0.00     0 68.35 68.39 68.43 10632     0 0.204
 10  0  0 70.15 74.84 74.06 12696 0.00 0.00 0.00     0 67.07 68.55 68.33  6307     0 0.115
 10  0  0 70.15 74.84 74.06 12696 0.00 0.00 0.00     0 67.07 68.55 68.33  6307     0 0.137
 10  0  0 70.53 75.52 72.83 12576 0.00 0.00 0.00     0 67.19 68.16 67.37  9297     0 0.139
 10  0  0 70.14 75.17 73.33 12424 0.00 0.00 0.00     0 67.61 68.44 68.28  6132     0 0.107
 10  0  0 70.99 75.91 73.26 11976 0.00 0.00 0.00     0 67.88 68.59 67.85  6882     0 0.112
 10  0  0 70.39 74.15 72.97 12584 0.00 0.00 0.00     0 67.11 67.58 67.35  8521     0 0.127
 10  0  0 70.99 73.18 70.55 11248 0.00 0.00 0.00     0 67.55 67.10 66.94 10368     0 0.136
 10  0  0 70.19 72.04 69.96 11736 0.00 0.00 0.00     0 66.96 66.83 66.35  7167     0 0.112
 10  0  0 70.40 72.21 70.67 11840 0.00 0.00 0.00     0 67.15 67.10 66.91  7986     0 0.119
 10  0  0 70.65 69.53 69.00 12344 0.00 0.00 0.00     0 68.45 67.14 66.85  7441     0 0.114
124  0  0 70.15 74.84 74.06 12704 0.00 0.00 0.00     0 66.93 66.02 66.37  6682     0 0.120
124  0  0 70.15 74.84 74.06 12704 0.00 0.00 0.00     0 66.93 66.02 66.37  6682     0 0.138
124  0  0 70.15 74.84 74.06 12704 0.00 0.00 0.00     0 66.93 66.02 66.37  6682     0 0.121
124  0  0 70.15 74.84 74.06 12704 0.00 0.00 0.00     0 66.93 66.02 66.37  6682     0 0.119
260  0  0 70.53 75.52 72.83 12584 0.00 0.00 0.00     0 66.87 65.44 65.42  7046     0 0.153
124  0  0 70.15 74.84 74.06 12704 0.00 0.00 0.00     0 66.93 66.02 66.37  6682     0 0.129
124  0  0 70.15 74.84 74.06 12704 0.00 0.00 0.00     0 66.93 66.02 66.37  6682     0 0.121
124  0  0 70.15 74.84 74.06 12704 0.00 0.00 0.00     0 66.93 66.02 66.37  6682     0 0.133
124 30 30 38.27 45.66 45.33  8400 0.00 0.00 0.00     0 38.88 45.42 45.58  2158     0 0.176
260 30 30 39.14 45.56 44.68  8088 0.00 0.00 0.00     0 39.39 45.40 45.19  2138     0 0.168
124 30 30 38.27 45.66 45.33  8400 0.00 0.00 0.00     0 38.88 45.42 45.58  2158     0 0.172
260 30 30 39.14 45.56 44.68  8088 0.00 0.00 0.00     0 39.39 45.40 45.19  2138     0 0.170
124 30 30 38.27 45.66 45.33  8400 0.00 0.00 0.00     0 38.88 45.42 45.58  2158     0 0.172
260 30 30 39.14 45.56 44.68  8088 0.00 0.00 0.00     0 39.39 45.40 45.19  2138     0 0.180
118 25 25 44.44 49.15 48.25  7120 0.00 0.00 0.00     0 45.08 48.43 47.60  2838     0 0.173
118 25 25 44.44 49.15 48.25  7120 0.00 0.00 0.00     0 45.08 48.43 47.60  2838     0 0.166
124 25 25 42.25 48.77 48.67  9944 0.00 0.00 0.00     0 42.56 47.75 47.55  3377     0 0.190
118 25 25 44.44 49.15 48.25  7120 0.00 0.00 0.00     0 45.08 48.43 47.60  2838     0 0.242
118 25 25 44.44 49.15 48.25  7120 0.00 0.00 0.00     0 45.08 48.43 47.60  2838     0 0.325
147 25 25 44.48 48.75 48.09  6960 0.00 0.00 0.00     0 44.97 48.12 47.55  2826     0 0.310
147 25 25 44.48 48.75 48.09  6960 0.00 0.00 0.00     0 44.97 48.12 47.55  2826     0 0.370
225 25 25 44.09 48.74 47.86  7552 0.00 0.00 0.00     0 44.80 47.37 46.85  2485     0 0.417
225 25 25 44.09 48.74 47.86  7552 0.00 0.00 0.00     0 44.80 47.37 46.85  2485     0 0.371
277 25 25 44.06 48.96 48.26  7400 0.00 0.00 0.00     0 45.03 47.98 47.06  2634     0 0.302
277 25 25 44.06 48.96 48.26  7400 0.00 0.00 0.00     0 45.03 47.98 47.06  2634     0 0.302
177 25 25 41.54 45.53 44.98  9728 0.00 0.00 0.00     0 42.19 44.75 44.41  4533     0 0.321
177 25 25 41.54 45.53 44.98  9728 0.00 0.00 0.00     0 42.19 44.75 44.41  4533     0 0.272
277 25 25 44.06 48.96 48.26  7400 0.00 0.00 0.00     0 45.03 47.98 47.06  2634     0 0.154
277 25 25 44.06 48.96 48.26  7400 0.00 0.00 0.00     0 45.03 47.98 47.06  2634     0 0.172
 10 25 25 44.06 48.96 48.26  7400 0.00 0.00 0.00     0 44.50 48.90 48.12  2712     0 0.142
 10 25 25 41.54 45.53 44.98  9720 0.00 0.00 0.00     0 41.65 45.38 44.89  4241     0 0.139
 10 25 25 44.06 48.96 48.26  7400 0.00 0.00 0.00     0 44.50 48.90 48.12  2712     0 0.136
 10 25 25 41.54 45.53 44.98  9720 0.00 0.00 0.00     0 41.65 45.38 44.89  4241     0 0.146
 10 25 25 44.06 48.96 48.26  7400 0.00 0.00 0.00     0 44.50 48.90 48.12  2712     0 0.136
 10 25 25 44.06 48.96 48.26  7400 0.00 0.00 0.00     0 44.50 48.90 48.12  2712     0 0.144
 10 25 25 41.54 45.53 44.98  9720 0.00 0.00 0.00     0 41.65 45.38 44.89  4241     0 0.140
 10 25 25 44.06 48.96 48.26  7400 0.00 0.00 0.00     0 44.50 48.90 48.12  2712     0 0.140
 10 25 25 41.54 45.53 44.98  9720 0.00 0.00 0.00     0 41.65 45.38 44.89  4241     0 0.137
 10 25 25 44.06 48.96 48.26  7400 0.00 0.00 0.00     0 44.50 48.90 48.12  2712     0 0.166
 10 25 25 41.54 45.53 44.98  9720 0.00 0.00 0.00     0 41.65 45.38 44.89  4241     0 0.162
 10 25 25 44.06 48.96 48.26  7400 0.00 0.00 0.00     0 44.50 48.90 48.12  2712     0 0.161
 10 25 25 44.06 48.96 48.26  7400 0.00 0.00 0.00     0 44.50 48.90 48.12  2712     0 0.161
 10 25 25 44.06 48.96 48.26  7400 0.00 0.00 0.00     0 44.50 48.90 48.12  2712     0 0.163
 10 25 25 44.06 48.96 48.26  7400 0.00 0.00 0.00     0 44.50 48.90 48.12  2712     0 0.145
 10 25 25 41.54 45.53 44.98  9720 0.00 0.00 0.00     0 41.65 45.38 44.89  4241     0 0.143
 10 25 25 41.57 45.72 45.11  9776 0.00 0.00 0.00     0 41.90 45.69 45.40  5222     0 0.151
 10 25 25 42.82 46.65 45.42  8480 0.00 0.00 0.00     0 43.05 46.63 45.48  3571     0 0.137
 10 25 25 44.06 48.96 48.26  7400 0.00 0.00 0.00     0 44.50 48.90 48.12  2712     0 0.145
 10 25 25 41.54 45.53 44.98  9720 0.00 0.00 0.00     0 41.65 45.38 44.89  4241     0 0.144
 10 25 25 41.57 45.72 45.11  9776 0.00 0.00 0.00     0 41.90 45.69 45.40  5222     0 0.152
 10 25 25 42.82 46.65 45.42  8480 0.00 0.00 0.00     0 43.05 46.63 45.48  3571     0 0.136
 10 25 25 44.06 48.96 48.26  7400 0.00 0.00 0.00     0 44.50 48.90 48.12  2712     0 0.145
 10 25 25 44.06 48.96 48.26  7400 0.00 0.00 0.00     0 44.50 48.90 48.12  2712     0 0.170
 10 25 25 44.06 48.96 48.26  7400 0.00 0.00 0.00     0 44.50 48.90 48.12  2712     0 0.153
 10 25 25 41.54 45.53 44.98  9720 0.00 0.00 0.00     0 41.65 45.38 44.89  4241     0 0.153
 10 25 25 41.57 45.72 45.11  9776 0.00 0.00 0.00     0 41.90 45.69 45.40  5222     0 0.163
 10 25 25 42.82 46.65 45.42  8480 0.00 0.00 0.00     0 43.05 46.63 45.48  3571     0 0.142
 10 25 25 42.70 46.34 45.17  8768 0.00 0.00 0.00     0 42.92 46.30 45.32  3670     0 0.150
 10 25 25 41.96 45.57 45.43  9384 0.00 0.00 0.00     0 42.17 45.35 45.34  3960     0 0.148
 10 25 25 41.85 45.69 44.46  9536 0.00 0.00 0.00     0 42.19 45.56 44.74  3164     0 0.157
 10 25 25 42.64 46.43 45.28  8720 0.00 0.00 0.00     0 42.99 46.42 45.47  3588     0 0.147
 10 25 25 42.25 48.77 48.67  9944 0.00 0.00 0.00     0 42.29 48.44 47.99  4008     0 0.188
 10 25 25 42.82 48.87 47.69  9520 0.00 0.00 0.00     0 42.65 48.34 47.42  5129     0 0.201
 10 25 25 42.49 49.25 48.66  9848 0.00 0.00 0.00     0 42.65 49.04 48.60  3552     0 0.180
 10 25 25 42.98 49.54 48.88  9392 0.00 0.00 0.00     0 42.91 49.29 48.58  3950     0 0.171
 10 25 25 42.28 49.42 48.18 10056 0.00 0.00 0.00     0 42.27 48.89 47.88  4897     0 0.192
246 25 25 41.65 43.45 44.47 28976 0.00 0.00 0.00     0 41.41 42.18 43.18  4557     0 0.103
246 25 25 41.65 43.45 44.47 28976 0.00 0.00 0.00     0 41.41 42.18 43.18  4557     0 0.104
246 35 35 33.44 38.16 39.38 22216 0.00 0.00 0.00     0 33.51 37.05 38.29 21844     0 0.123
246 35 35 33.44 38.16 39.38 22216 0.00 0.00 0.00     0 33.51 37.05 38.29 21844     0 0.120
246 24 24 42.22 43.90 44.90 28888 0.00 0.00 0.00     0 41.75 42.49 43.35 25106     0 0.177
246 35 35 33.44 38.16 39.38 22216 0.00 0.00 0.00     0 33.51 37.05 38.29 21844     0 0.119
246 24 24 42.22 43.90 44.90 28888 0.00 0.00 0.00     0 41.75 42.49 43.35 25106     0 0.125
246 35 35 33.44 38.16 39.38 22216 0.00 0.00 0.00     0 33.51 37.05 38.29 21844     0 0.119
246 24 24 42.22 43.90 44.90 28888 0.00 0.00 0.00     0 41.75 42.49 43.35 25106     0 0.132
246 35 35 33.44 38.16 39.38 22216 0.00 0.00 0.00     0 33.51 37.05 38.29 21844     0 0.126
246  0  0 71.29 69.95 69.99 33912 0.00 0.00 0.00     0 70.23 67.48 67.28 28983     0 0.123
246  0  0 71.29 69.95 69.99 33912 0.00 0.00 0.00     0 70.23 67.48 67.28 28983     0 0.130
246 25 25 41.65 43.45 44.47 28976 0.00 0.00 0.00     0 41.41 42.18 43.18  4557     0 0.102
  1 20 20 42.53 42.43 42.43 14104 0.00 0.00 0.00     0 42.53 42.43 42.43 14104     0 0.058
  1 20 20 42.53 42.43 42.43 14104 0.00 0.00 0.00     0 42.53 42.43 42.43 14104     0 0.058
246 25 25 41.65 43.45 44.47 28976 0.00 0.00 0.00     0 41.16 42.00 42.93 25111     0 0.126
246 25 25 41.65 43.45 44.47 28976 0.00 0.00 0.00     0 41.67 42.18 43.18  9418     0 0.151
246  0  0 71.29 69.95 69.99 33912 0.00 0.00 0.00     0 70.23 67.48 67.28 28983     0 0.118
246 24 24 42.22 43.90 44.90 28888 0.00 0.00 0.00     0 41.75 42.49 43.35 25106     0 0.127
246 35 35 33.44 38.16 39.38 22216 0.00 0.00 0.00     0 33.51 37.05 38.29 21844     0 0.133
246  0  0 71.29 69.95 69.99 33912 0.00 0.00 0.00     0 70.23 67.48 67.28 28983     0 0.115
246 24 24 42.22 43.90 44.90 28888 0.00 0.00 0.00     0 41.75 42.49 43.35 25106     0 0.135
246 35 35 33.44 38.16 39.38 22216 0.00 0.00 0.00     0 33.51 37.05 38.29 21844     0 0.123
246 25 25 41.65 43.45 44.47 28976 0.00 0.00 0.00     0 41.41 42.18 43.18  4557     0 0.106
 50 25 25 41.77 44.12 45.48  9952 0.00 0.00 0.00     0 41.31 42.19 43.38  4263     0 0.102
 50 25 25 41.77 44.12 45.48  9952 0.00 0.00 0.00     0 41.52 42.19 43.36  9104     0 0.150
 50 25 25 41.77 44.12 45.48  9952 0.00 0.00 0.00     0 41.25 42.16 43.28  7093     0 0.286
246  0  0 71.29 69.95 69.99 33912 0.00 0.00 0.00     0 70.23 67.48 67.28 28983     0 0.116
246  0  0 0.00 0.00 0.00 33912 0.00 0.00 0.00     0 0.00 0.00 0.00 28983     0 0.089
246  0  0 0.00 0.00 0.00 33912 0.00 0.00 0.00     0 0.00 0.00 0.00 28983     0 0.089
246  0  0 0.00 0.00 0.00 33912 0.00 0.00 0.00     0 0.00 0.00 0.00 28983     0 0.090
246  0  0 0.00 0.00 0.00 33912 0.00 0.00 0.00     0 0.00 0.00 0.00 28983     0 0.090
246  0  0 0.00 0.00 0.00 33912 0.00 0.00 0.00     0 0.00 0.00 0.00 28983     0 0.079
246  0  0 0.00 0.00 0.00 33912 0.00 0.00 0.00     0 0.00 0.00 0.00 28983     0 0.081
246  0  0 0.00 0.00 0.00 33912 0.00 0.00 0.00     0 0.00 0.00 0.00 28983     0 0.081
246  0  0 0.00 0.00 0.00 33912 0.00 0.00 0.00     0 0.00 0.00 0.00 28983     0 0.080
246  0  0 0.00 0.00 0.00 33912 0.00 0.00 0.00     0 0.00 0.00 0.00 28983     0 0.080
246  0  0 0.00 0.00 0.00 33912 0.00 0.00 0.00     0 0.00 0.00 0.00 28983     0 0.078
246  0  0 0.00 0.00 0.00 33912 0.00 0.00 0.00     0 0.00 0.00 0.00 28983     0 0.079
246  0  0 0.00 0.00 0.00 33912 0.00 0.00 0.00     0 0.00 0.00 0.00 28983     0 0.078
246  0  0 0.00 0.00 0.00 33912 0.00 0.00 0.00     0 0.00 0.00 0.00 28983     0 0.080
246  0  0 0.00 0.00 0.00 33912 0.00 0.00 0.00     0 0.00 0.00 0.00 28983     0 0.083
 10 25 25 41.77 44.12 45.48  9952 0.00 0.00 0.00     0 41.14 42.79 43.92  8169     0 0.267
 20 20 20 45.92 47.92 48.81 10512 0.00 0.00 0.00     0 45.19 46.04 46.79  9088     0 0.312
 20 20 20 45.92 47.92 48.81 10512 0.00 0.00 0.00     0 45.19 46.04 46.79  9088     0 0.309
 20 20 20 45.92 47.92 48.81 10512 0.00 0.00 0.00     0 45.19 46.04 46.79  9088     0 0.336
 20 20 20 45.92 47.92 48.81 10512 0.00 0.00 0.00     0 45.19 46.04 46.79  9088     0 0.337
 20 20 20 45.92 47.92 48.81 10512 0.00 0.00 0.00     0 45.19 46.04 46.79  9088     0 0.414
165 51 51 25.11 40.16 40.12  5216 0.00 0.00 0.00     0 25.09 39.75 39.77   499     0 0.376
165 51 51 25.11 40.16 40.12  5216 0.00 0.00 0.00     0 25.09 39.75 39.77   499     0 0.178
165 51 51 25.11 40.16 40.12  5216 0.00 0.00 0.00     0 25.09 39.75 39.77   499     0 0.215
124 51 51 25.19 39.99 39.95  5136 0.00 0.00 0.00     0 25.14 39.84 39.99   450     0 0.205
260 51 51 25.68 40.70 39.79  7328 0.00 0.00 0.00     0 25.59 40.25 39.26   460     0 0.202
165 51 51 25.11 40.16 40.12  5216 0.00 0.00 0.00     0 25.09 39.75 39.77   499     0 0.218
124 51 51 25.19 39.99 39.95  5136 0.00 0.00 0.00     0 25.14 39.84 39.99   450     0 0.210
260 51 51 25.68 40.70 39.79  7328 0.00 0.00 0.00     0 25.59 40.25 39.26   460     0 0.175
165  0  0 69.95 71.15 71.90 26472 0.00 0.00 0.00     0 66.73 65.60 66.15  7806     0 0.164
124  0  0 69.76 71.28 71.25 25856 0.00 0.00 0.00     0 67.08 66.18 66.46  6866     0 0.139
260  0  0 69.96 70.28 69.38 38120 0.00 0.00 0.00     0 67.10 65.62 65.72  7205     0 0.139
129  0  0 69.96 69.41 69.14 27872 0.00 0.00 0.00     0 65.93 65.64 66.26  8757     0 0.162
159  0  0 70.15 70.20 69.61 27888 0.00 0.00 0.00     0 65.84 65.55 66.26  8468     0 0.164
148  0  0 70.55 69.71 69.22 27904 0.00 0.00 0.00     0 65.88 65.64 66.30  8164     0 0.150
169  0  0 70.43 69.92 69.77 27960 0.00 0.00 0.00     0 65.89 65.67 66.35  8173     0 0.177
169  0  0 69.99 70.02 69.92 28024 0.00 0.00 0.00     0 65.80 65.70 66.30  7331     0 0.158
164  0  0 70.32 69.49 69.52 28016 0.00 0.00 0.00     0 65.76 65.47 66.19  8470     0 0.171
153  0  0 69.97 69.52 69.67 27856 0.00 0.00 0.00     0 65.74 65.78 66.18  7709     0 0.148
131  0  0 71.85 71.50 71.27 22464 0.00 0.00 0.00     0 67.38 67.90 68.01 12179     0 0.196
281  0  0 70.97 70.18 69.97 34136 0.00 0.00 0.00     0 67.39 67.67 67.61 12696     0 0.199
229  0  0 71.09 70.06 70.69 34120 0.00 0.00 0.00     0 67.14 67.57 67.84 11826     0 0.180
129 51 51 24.04 38.17 34.22  5352 0.00 0.00 0.00     0 23.89 37.36 33.46   665     0 0.184
159 51 51 23.99 37.81 34.24  5392 0.00 0.00 0.00     0 23.77 37.24 33.41   609     0 0.184
148 51 51 24.08 37.61 34.37  5400 0.00 0.00 0.00     0 23.85 37.08 33.35   568     0 0.182
169 51 51 23.89 37.90 34.21  5048 0.00 0.00 0.00     0 23.80 37.13 33.44   575     0 0.185
169 51 51 23.86 37.58 33.99  5192 0.00 0.00 0.00     0 23.75 36.72 33.26   467     0 0.185
164 51 51 23.99 37.80 34.22  5504 0.00 0.00 0.00     0 23.81 36.83 33.27   631     0 0.227
153 51 51 23.93 37.51 34.11  5472 0.00 0.00 0.00     0 23.77 36.57 33.05   535     0 0.225
131 51 51 25.21 38.46 39.15  4776 0.00 0.00 0.00     0 24.95 37.58 38.02  1155     0 0.209
281 51 51 24.93 37.81 38.76  7496 0.00 0.00 0.00     0 25.10 37.70 37.85  1189     0 0.214
229 51 51 24.87 37.56 38.17  7784 0.00 0.00 0.00     0 24.91 37.34 37.52  1102     0 0.215
129 40 40 30.27 39.30 35.93 12112 0.00 0.00 0.00     0 30.27 38.49 35.19  1444     0 0.264
159 40 40 30.37 39.31 35.98 12304 0.00 0.00 0.00     0 30.41 38.58 35.19  1307     0 0.226
148 40 40 30.35 39.05 35.89 12296 0.00 0.00 0.00     0 30.33 38.27 35.05  1226     0 0.234
169 40 40 30.27 39.25 36.03 12432 0.00 0.00 0.00     0 30.29 38.44 35.20  1271     0 0.241
169 40 40 30.21 39.02 35.85 12464 0.00 0.00 0.00     0 30.18 38.13 35.16  1041     0 0.202
164 40 40 30.23 39.31 35.95 12352 0.00 0.00 0.00     0 30.27 38.31 35.12  1329     0 0.202
153 40 40 30.19 39.15 35.80 12104 0.00 0.00 0.00     0 30.16 38.24 35.01  1144     0 0.216
131 40 40 31.61 40.01 40.30  9256 0.00 0.00 0.00     0 31.65 39.10 39.50  2700     0 0.217
281 40 40 31.38 39.53 40.15 14848 0.00 0.00 0.00     0 31.89 39.36 39.50  2707     0 0.401
229 40 40 31.37 39.04 39.87 15136 0.00 0.00 0.00     0 31.71 38.86 39.31  2540     0 0.205
129 30 30 37.41 43.21 40.29 20616 0.00 0.00 0.00     0 37.13 42.01 39.43  3157     0 0.220
159 30 30 37.48 43.28 40.48 20096 0.00 0.00 0.00     0 37.27 42.08 39.47  2916     0 0.228
148 30 30 37.38 43.18 40.44 20800 0.00 0.00 0.00     0 37.17 41.90 39.47  2783     0 0.217
169 30 30 37.40 43.21 40.53 20512 0.00 0.00 0.00     0 37.18 42.06 39.48  2786     0 0.219
169 30 30 37.32 43.24 40.35 20544 0.00 0.00 0.00     0 37.03 41.85 39.27  2318     0 0.245
164 30 30 37.43 43.17 40.35 20672 0.00 0.00 0.00     0 37.21 42.05 39.34  2990     0 0.258
153 30 30 37.34 42.94 40.32 20848 0.00 0.00 0.00     0 37.03 41.80 39.27  2525     0 0.251
131 30 30 38.81 43.28 44.31 14040 0.00 0.00 0.00     0 38.58 42.47 42.95  5303     0 0.273
281 30 30 38.66 43.07 43.95 21664 0.00 0.00 0.00     0 38.70 42.51 43.06  5287     0 0.361
229 30 30 38.74 42.92 43.84 22032 0.00 0.00 0.00     0 38.70 42.21 42.66  4906     0 0.217
112 20 20 42.62 43.92 45.69 20752 0.00 0.00 0.00     0 43.34 43.25 43.23 15736     0 0.625
112 20 20 42.93 45.40 46.45 18816 0.00 0.00 0.00     0 44.97 44.30 44.77 19045     0 0.497
 88  0  0 69.85 68.20 67.25  9144 0.00 0.00 0.00     0 69.25 67.90 67.86 17464     0 0.334
 88  0  0 69.46 68.74 66.90  9056 0.00 0.00 0.00     0 69.15 67.69 67.82 17259     0 0.333
 88  0  0 68.14 67.38 68.13  8120 0.00 0.00 0.00     0 67.96 66.99 66.98 10654     0 0.310
 88  0  0 67.78 67.60 67.52  7528 0.00 0.00 0.00     0 67.97 67.00 67.03 10424     0 0.307
 88  0  0 69.85 68.20 67.25  9144 0.00 0.00 0.00     0 69.25 67.90 67.86 17464     0 0.549
 79  0  0 68.88 71.52 71.42 11456 0.00 0.00 0.00     0 65.86 64.60 65.25 14722     0 0.235
 79  0  0 68.88 71.52 71.42 11456 0.00 0.00 0.00     0 65.86 64.60 65.25 14722     0 0.241
 79  0  0 68.88 71.52 71.42 11456 0.00 0.00 0.00     0 65.86 64.60 65.25 14722     0 0.234
 78  0  0 68.88 68.92 68.79 13056 0.00 0.00 0.00     0 65.97 66.33 67.15  9367     0 0.231
 53  0  0 68.93 68.79 70.36 13984 0.00 0.00 0.00     0 65.86 66.29 66.55 12318     0 0.224
